Banipal, Indervir Singh

Iteration 1
Classifier h = I(x<0.255128)
G error = 0.4326000747944541
C_plus = 1.24245103323354, C_minus = -0.1914960730977649
Normalization factor Z = 0.8652001495892726
Pi after normalization = 0.006673040828252348 0.08007612292361767 0.006673040828252348 0.006673040828252348 0.006673040828252348 0.006673040828252348 0.006673040828252348 0.006673040828252348 0.006673040828252348 0.006673040828252348 0.006673040828252348 0.006673040828252348 0.006673040828252348 0.019087441628970536 0.027994911420000195 0.019087441628970536 0.019087441628970536 0.027994911420000195 0.027994911420000195 0.019087441628970536 0.019087441628970536 0.027994911420000195 0.027994911420000195 0.019087441628970536 0.027994911420000195 0.019087441628970536 0.019087441628970536 0.027994911420000195 0.027994911420000195 0.027994911420000195 0.019087441628970536 0.019087441628970536 0.019087441628970536 0.019087441628970536 0.019087441628970536 0.019087441628970536 0.019087441628970536 0.019087441628970536 0.019087441628970536 0.027994911420000195 0.019087441628970536 0.019087441628970536 0.027994911420000195 0.027994911420000195 0.019087441628970536 0.027994911420000195 0.019087441628970536 0.027994911420000195 0.027994911420000195 0.019087441628970536 
f(x) = 1.24245103323354 1.24245103323354 1.24245103323354 1.24245103323354 1.24245103323354 1.24245103323354 1.24245103323354 1.24245103323354 1.24245103323354 1.24245103323354 1.24245103323354 1.24245103323354 1.24245103323354 -0.1914960730977649 -0.1914960730977649 -0.1914960730977649 -0.1914960730977649 -0.1914960730977649 -0.1914960730977649 -0.1914960730977649 -0.1914960730977649 -0.1914960730977649 -0.1914960730977649 -0.1914960730977649 -0.1914960730977649 -0.1914960730977649 -0.1914960730977649 -0.1914960730977649 -0.1914960730977649 -0.1914960730977649 -0.1914960730977649 -0.1914960730977649 -0.1914960730977649 -0.1914960730977649 -0.1914960730977649 -0.1914960730977649 -0.1914960730977649 -0.1914960730977649 -0.1914960730977649 -0.1914960730977649 -0.1914960730977649 -0.1914960730977649 -0.1914960730977649 -0.1914960730977649 -0.1914960730977649 -0.1914960730977649 -0.1914960730977649 -0.1914960730977649 -0.1914960730977649 -0.1914960730977649 
Boosted Classifier Error = 0.32
Bound on Error = 0.8652001495892726

Iteration 2
Classifier h = I(x<-0.142223)
G error = 0.47826409964031247
C_plus = -1.242444164859229, C_minus = 0.080549691496698
Normalization factor Z = 0.956528199281716
Pi after normalization = 0.02416643836026505 0.02416677033083398 0.006436410246935009 0.006436410246935009 0.006436410246935009 0.006436410246935009 0.006436410246935009 0.006436410246935009 0.006436410246935009 0.006436410246935009 0.006436410246935009 0.006436410246935009 0.006436410246935009 0.021628790328376998 0.027002192757888104 0.021628790328376998 0.021628790328376998 0.027002192757888104 0.027002192757888104 0.021628790328376998 0.021628790328376998 0.027002192757888104 0.027002192757888104 0.021628790328376998 0.027002192757888104 0.021628790328376998 0.021628790328376998 0.027002192757888104 0.027002192757888104 0.027002192757888104 0.021628790328376998 0.021628790328376998 0.021628790328376998 0.021628790328376998 0.021628790328376998 0.021628790328376998 0.021628790328376998 0.021628790328376998 0.021628790328376998 0.027002192757888104 0.021628790328376998 0.021628790328376998 0.027002192757888104 0.027002192757888104 0.021628790328376998 0.027002192757888104 0.021628790328376998 0.027002192757888104 0.027002192757888104 0.021628790328376998 
f(x) = 6.868374310853298E-6 6.868374310853298E-6 1.323000724730238 1.323000724730238 1.323000724730238 1.323000724730238 1.323000724730238 1.323000724730238 1.323000724730238 1.323000724730238 1.323000724730238 1.323000724730238 1.323000724730238 -0.1109463816010669 -0.1109463816010669 -0.1109463816010669 -0.1109463816010669 -0.1109463816010669 -0.1109463816010669 -0.1109463816010669 -0.1109463816010669 -0.1109463816010669 -0.1109463816010669 -0.1109463816010669 -0.1109463816010669 -0.1109463816010669 -0.1109463816010669 -0.1109463816010669 -0.1109463816010669 -0.1109463816010669 -0.1109463816010669 -0.1109463816010669 -0.1109463816010669 -0.1109463816010669 -0.1109463816010669 -0.1109463816010669 -0.1109463816010669 -0.1109463816010669 -0.1109463816010669 -0.1109463816010669 -0.1109463816010669 -0.1109463816010669 -0.1109463816010669 -0.1109463816010669 -0.1109463816010669 -0.1109463816010669 -0.1109463816010669 -0.1109463816010669 -0.1109463816010669 -0.1109463816010669 
Boosted Classifier Error = 0.32
Bound on Error = 0.8275883411048982

Iteration 3
Classifier h = I(x<0.751757)
G error = 0.4796571846166048
C_plus = 0.2694012960837724, C_minus = -0.31270240509951563
Normalization factor Z = 0.9593143692332172
Pi after normalization = 0.01924208828943832 0.032980494376690324 0.005124874935737557 0.005124874935737557 0.005124874935737557 0.005124874935737557 0.005124874935737557 0.005124874935737557 0.005124874935737557 0.005124874935737557 0.005124874935737557 0.005124874935737557 0.005124874935737557 0.029516902260188577 0.02150000630254298 0.029516902260188577 0.029516902260188577 0.02150000630254298 0.02150000630254298 0.029516902260188577 0.029516902260188577 0.02150000630254298 0.02150000630254298 0.029516902260188577 0.02150000630254298 0.029516902260188577 0.029516902260188577 0.02150000630254298 0.02150000630254298 0.02150000630254298 0.016491735160604336 0.016491735160604336 0.016491735160604336 0.016491735160604336 0.016491735160604336 0.016491735160604336 0.016491735160604336 0.016491735160604336 0.016491735160604336 0.038480704331316964 0.016491735160604336 0.016491735160604336 0.038480704331316964 0.038480704331316964 0.016491735160604336 0.038480704331316964 0.016491735160604336 0.038480704331316964 0.038480704331316964 0.016491735160604336 
f(x) = 0.26940816445808324 0.26940816445808324 1.5924020208140104 1.5924020208140104 1.5924020208140104 1.5924020208140104 1.5924020208140104 1.5924020208140104 1.5924020208140104 1.5924020208140104 1.5924020208140104 1.5924020208140104 1.5924020208140104 0.1584549144827055 0.1584549144827055 0.1584549144827055 0.1584549144827055 0.1584549144827055 0.1584549144827055 0.1584549144827055 0.1584549144827055 0.1584549144827055 0.1584549144827055 0.1584549144827055 0.1584549144827055 0.1584549144827055 0.1584549144827055 0.1584549144827055 0.1584549144827055 0.1584549144827055 -0.42364878670058254 -0.42364878670058254 -0.42364878670058254 -0.42364878670058254 -0.42364878670058254 -0.42364878670058254 -0.42364878670058254 -0.42364878670058254 -0.42364878670058254 -0.42364878670058254 -0.42364878670058254 -0.42364878670058254 -0.42364878670058254 -0.42364878670058254 -0.42364878670058254 -0.42364878670058254 -0.42364878670058254 -0.42364878670058254 -0.42364878670058254 -0.42364878670058254 
Boosted Classifier Error = 0.3
Bound on Error = 0.7939173874318101

Iteration 4
Classifier h = I(x<1.0827505)
G error = 0.4698295390806066
C_plus = -0.19081212358664562, C_minus = 0.6790608478478122
Normalization factor Z = 0.9396590781612694
Pi after normalization = 0.02478280966601361 0.029001348704008018 0.006600572566971368 0.006600572566971368 0.006600572566971368 0.006600572566971368 0.006600572566971368 0.006600572566971368 0.006600572566971368 0.006600572566971368 0.006600572566971368 0.006600572566971368 0.006600572566971368 0.025955644125058026 0.02769089071826357 0.025955644125058026 0.025955644125058026 0.02769089071826357 0.02769089071826357 0.025955644125058026 0.025955644125058026 0.02769089071826357 0.02769089071826357 0.025955644125058026 0.02769089071826357 0.025955644125058026 0.025955644125058026 0.02769089071826357 0.02769089071826357 0.02769089071826357 0.014501982798198216 0.014501982798198216 0.014501982798198216 0.014501982798198216 0.014501982798198216 0.014501982798198216 0.014501982798198216 0.014501982798198216 0.014501982798198216 0.04956114725763018 0.014501982798198216 0.014501982798198216 0.020766357179099998 0.020766357179099998 0.03461054333171549 0.020766357179099998 0.03461054333171549 0.020766357179099998 0.020766357179099998 0.03461054333171549 
f(x) = 0.07859604087143762 0.07859604087143762 1.4015898972273648 1.4015898972273648 1.4015898972273648 1.4015898972273648 1.4015898972273648 1.4015898972273648 1.4015898972273648 1.4015898972273648 1.4015898972273648 1.4015898972273648 1.4015898972273648 -0.03235720910394013 -0.03235720910394013 -0.03235720910394013 -0.03235720910394013 -0.03235720910394013 -0.03235720910394013 -0.03235720910394013 -0.03235720910394013 -0.03235720910394013 -0.03235720910394013 -0.03235720910394013 -0.03235720910394013 -0.03235720910394013 -0.03235720910394013 -0.03235720910394013 -0.03235720910394013 -0.03235720910394013 -0.6144609102872282 -0.6144609102872282 -0.6144609102872282 -0.6144609102872282 -0.6144609102872282 -0.6144609102872282 -0.6144609102872282 -0.6144609102872282 -0.6144609102872282 -0.6144609102872282 -0.6144609102872282 -0.6144609102872282 0.25541206114722964 0.25541206114722964 0.25541206114722964 0.25541206114722964 0.25541206114722964 0.25541206114722964 0.25541206114722964 0.25541206114722964 
Boosted Classifier Error = 0.28
Bound on Error = 0.746011680410378

Iteration 5
Classifier h = I(x<2.1047195)
G error = 0.4823844176000439
C_plus = 0.03586686295852598, C_minus = -6.3772508087403
Normalization factor Z = 0.9648276658411968
Pi after normalization = 0.024781295860597803 0.03115625342556861 0.00660016938498216 0.00660016938498216 0.00660016938498216 0.00660016938498216 0.00660016938498216 0.00660016938498216 0.00660016938498216 0.00660016938498216 0.00660016938498216 0.00660016938498216 0.00660016938498216 0.02788424202052432 0.027689199278878657 0.02788424202052432 0.02788424202052432 0.027689199278878657 0.027689199278878657 0.02788424202052432 0.02788424202052432 0.027689199278878657 0.027689199278878657 0.02788424202052432 0.027689199278878657 0.02788424202052432 0.02788424202052432 0.027689199278878657 0.027689199278878657 0.027689199278878657 0.015579532381246021 0.015579532381246021 0.015579532381246021 0.015579532381246021 0.015579532381246021 0.015579532381246021 0.015579532381246021 0.015579532381246021 0.015579532381246021 0.04955811991996575 0.015579532381246021 0.015579532381246021 0.020765088710173834 0.020765088710173834 0.037182231428103354 0.020765088710173834 0.037182231428103354 0.020765088710173834 0.020765088710173834 6.0975284178751194E-5 
f(x) = 0.1144629038299636 0.1144629038299636 1.4374567601858907 1.4374567601858907 1.4374567601858907 1.4374567601858907 1.4374567601858907 1.4374567601858907 1.4374567601858907 1.4374567601858907 1.4374567601858907 1.4374567601858907 1.4374567601858907 0.003509653854585848 0.003509653854585848 0.003509653854585848 0.003509653854585848 0.003509653854585848 0.003509653854585848 0.003509653854585848 0.003509653854585848 0.003509653854585848 0.003509653854585848 0.003509653854585848 0.003509653854585848 0.003509653854585848 0.003509653854585848 0.003509653854585848 0.003509653854585848 0.003509653854585848 -0.5785940473287021 -0.5785940473287021 -0.5785940473287021 -0.5785940473287021 -0.5785940473287021 -0.5785940473287021 -0.5785940473287021 -0.5785940473287021 -0.5785940473287021 -0.5785940473287021 -0.5785940473287021 -0.5785940473287021 0.2912789241057556 0.2912789241057556 0.2912789241057556 0.2912789241057556 0.2912789241057556 0.2912789241057556 0.2912789241057556 -6.1218387475930705 
Boosted Classifier Error = 0.24
Bound on Error = 0.7197727083006139

Iteration 6
Classifier h = I(x<1.3535785)
G error = 0.480345636335631
C_plus = -0.043359558346236705, C_minus = 3.261035373260517
Normalization factor Z = 0.9606912737363906
Pi after normalization = 0.026938349535270134 0.03105493073485226 0.007174672014119172 0.007174672014119172 0.007174672014119172 0.007174672014119172 0.007174672014119172 0.007174672014119172 0.007174672014119172 0.007174672014119172 0.007174672014119172 0.007174672014119172 0.007174672014119172 0.027793560179177286 0.03009936739071681 0.027793560179177286 0.027793560179177286 0.03009936739071681 0.03009936739071681 0.027793560179177286 0.027793560179177286 0.03009936739071681 0.03009936739071681 0.027793560179177286 0.03009936739071681 0.027793560179177286 0.027793560179177286 0.03009936739071681 0.03009936739071681 0.03009936739071681 0.015528866464538755 0.015528866464538755 0.015528866464538755 0.015528866464538755 0.015528866464538755 0.015528866464538755 0.015528866464538755 0.015528866464538755 0.015528866464538755 0.05387183802754802 0.015528866464538755 0.015528866464538755 0.02257255717990772 0.02257255717990772 0.037061311762838285 0.02257255717990772 0.037061311762838285 8.288964449723963E-4 8.288964449723963E-4 0.0016550825318783012 
f(x) = 0.0711033454837269 0.0711033454837269 1.394097201839654 1.394097201839654 1.394097201839654 1.394097201839654 1.394097201839654 1.394097201839654 1.394097201839654 1.394097201839654 1.394097201839654 1.394097201839654 1.394097201839654 -0.03984990449165086 -0.03984990449165086 -0.03984990449165086 -0.03984990449165086 -0.03984990449165086 -0.03984990449165086 -0.03984990449165086 -0.03984990449165086 -0.03984990449165086 -0.03984990449165086 -0.03984990449165086 -0.03984990449165086 -0.03984990449165086 -0.03984990449165086 -0.03984990449165086 -0.03984990449165086 -0.03984990449165086 -0.6219536056749388 -0.6219536056749388 -0.6219536056749388 -0.6219536056749388 -0.6219536056749388 -0.6219536056749388 -0.6219536056749388 -0.6219536056749388 -0.6219536056749388 -0.6219536056749388 -0.6219536056749388 -0.6219536056749388 0.24791936575951892 0.24791936575951892 0.24791936575951892 0.24791936575951892 0.24791936575951892 3.5523142973662725 3.5523142973662725 -2.8608033743325536 
Boosted Classifier Error = 0.26
Bound on Error = 0.6914793599380084

Iteration 7
Classifier h = I(x<0.751757)
G error = 0.48331701408806493
C_plus = 0.19830485999168423, C_minus = -0.346777472381565
Normalization factor Z = 0.9666340281761389
Pi after normalization = 0.022855261669876437 0.03917339321381193 0.006087195730515594 0.006087195730515594 0.006087195730515594 0.006087195730515594 0.006087195730515594 0.006087195730515594 0.006087195730515594 0.006087195730515594 0.006087195730515594 0.006087195730515594 0.006087195730515594 0.03505942650481447 0.025537159094022436 0.03505942650481447 0.03505942650481447 0.025537159094022436 0.025537159094022436 0.03505942650481447 0.03505942650481447 0.025537159094022436 0.025537159094022436 0.03505942650481447 0.025537159094022436 0.03505942650481447 0.03505942650481447 0.025537159094022436 0.025537159094022436 0.025537159094022436 0.011357274778648016 0.011357274778648016 0.011357274778648016 0.011357274778648016 0.011357274778648016 0.011357274778648016 0.011357274778648016 0.011357274778648016 0.011357274778648016 0.07883212917255965 0.011357274778648016 0.011357274778648016 0.03303103826625582 0.03303103826625582 0.02710535906203354 0.03303103826625582 0.02710535906203354 0.0012129467642690258 0.0012129467642690258 0.0012104700068615506 
f(x) = 0.2694082054754111 0.2694082054754111 1.5924020618313381 1.5924020618313381 1.5924020618313381 1.5924020618313381 1.5924020618313381 1.5924020618313381 1.5924020618313381 1.5924020618313381 1.5924020618313381 1.5924020618313381 1.5924020618313381 0.15845495550003338 0.15845495550003338 0.15845495550003338 0.15845495550003338 0.15845495550003338 0.15845495550003338 0.15845495550003338 0.15845495550003338 0.15845495550003338 0.15845495550003338 0.15845495550003338 0.15845495550003338 0.15845495550003338 0.15845495550003338 0.15845495550003338 0.15845495550003338 0.15845495550003338 -0.9687310780565038 -0.9687310780565038 -0.9687310780565038 -0.9687310780565038 -0.9687310780565038 -0.9687310780565038 -0.9687310780565038 -0.9687310780565038 -0.9687310780565038 -0.9687310780565038 -0.9687310780565038 -0.9687310780565038 -0.09885810662204605 -0.09885810662204605 -0.09885810662204605 -0.09885810662204605 -0.09885810662204605 3.2055368249847076 3.2055368249847076 -3.2075808467141185 
Boosted Classifier Error = 0.26
Bound on Error = 0.6684074790975353

Iteration 8
Classifier h = I(x<0.966624)
G error = 0.4859263217430657
C_plus = -0.13873026613775483, C_minus = 0.4182287240691846
Normalization factor Z = 0.9718526434861477
Pi after normalization = 0.027016903194264728 0.03508657550356238 0.0071955937390398945 0.0071955937390398945 0.0071955937390398945 0.0071955937390398945 0.0071955937390398945 0.0071955937390398945 0.0071955937390398945 0.0071955937390398945 0.0071955937390398945 0.0071955937390398945 0.0071955937390398945 0.03140180398615685 0.03018713874578323 0.03140180398615685 0.03140180398615685 0.03018713874578323 0.03018713874578323 0.03140180398615685 0.03140180398615685 0.03018713874578323 0.03018713874578323 0.03140180398615685 0.03018713874578323 0.03140180398615685 0.03140180398615685 0.03018713874578323 0.03018713874578323 0.03018713874578323 0.010172411587139142 0.010172411587139142 0.010172411587139142 0.010172411587139142 0.010172411587139142 0.010172411587139142 0.010172411587139142 0.010172411587139142 0.010172411587139142 0.05339104352657314 0.017754487479275684 0.017754487479275684 0.02237110198991604 0.02237110198991604 0.042372995940266736 0.02237110198991604 0.042372995940266736 8.214987235058192E-4 8.214987235058192E-4 0.0018922915047601319 
f(x) = 0.13067793933765628 0.13067793933765628 1.4536717956935834 1.4536717956935834 1.4536717956935834 1.4536717956935834 1.4536717956935834 1.4536717956935834 1.4536717956935834 1.4536717956935834 1.4536717956935834 1.4536717956935834 1.4536717956935834 0.019724689362278558 0.019724689362278558 0.019724689362278558 0.019724689362278558 0.019724689362278558 0.019724689362278558 0.019724689362278558 0.019724689362278558 0.019724689362278558 0.019724689362278558 0.019724689362278558 0.019724689362278558 0.019724689362278558 0.019724689362278558 0.019724689362278558 0.019724689362278558 0.019724689362278558 -1.1074613441942587 -1.1074613441942587 -1.1074613441942587 -1.1074613441942587 -1.1074613441942587 -1.1074613441942587 -1.1074613441942587 -1.1074613441942587 -1.1074613441942587 -0.5505023539873193 -0.5505023539873193 -0.5505023539873193 0.31937061744713857 0.31937061744713857 0.31937061744713857 0.31937061744713857 0.31937061744713857 3.6237655490538923 3.6237655490538923 -2.789352122644934 
Boosted Classifier Error = 0.24
Bound on Error = 0.6495935754868517

Iteration 9
Classifier h = I(x<1.251541)
G error = 0.4850976572920352
C_plus = 0.04470296522719562, C_minus = -1.646809951083121
Normalization factor Z = 0.9701953145913924
Pi after normalization = 0.026629446682401723 0.03781778258498056 0.007092399837397477 0.007092399837397477 0.007092399837397477 0.007092399837397477 0.007092399837397477 0.007092399837397477 0.007092399837397477 0.007092399837397477 0.007092399837397477 0.007092399837397477 0.007092399837397477 0.03384618130669613 0.029754217052372838 0.03384618130669613 0.03384618130669613 0.029754217052372838 0.029754217052372838 0.03384618130669613 0.03384618130669613 0.029754217052372838 0.029754217052372838 0.03384618130669613 0.029754217052372838 0.03384618130669613 0.03384618130669613 0.029754217052372838 0.029754217052372838 0.029754217052372838 0.010964251832679033 0.010964251832679033 0.010964251832679033 0.010964251832679033 0.010964251832679033 0.010964251832679033 0.010964251832679033 0.010964251832679033 0.010964251832679033 0.05262534853404256 0.01913653121635754 0.01913653121635754 0.022050272134576273 0.022050272134576273 0.045671392119204464 0.022050272134576273 0.008414523429267103 0.004394891871528647 0.004394891871528647 3.7577544019435223E-4 
f(x) = 0.1753809045648519 0.1753809045648519 1.498374760920779 1.498374760920779 1.498374760920779 1.498374760920779 1.498374760920779 1.498374760920779 1.498374760920779 1.498374760920779 1.498374760920779 1.498374760920779 1.498374760920779 0.06442765458947418 0.06442765458947418 0.06442765458947418 0.06442765458947418 0.06442765458947418 0.06442765458947418 0.06442765458947418 0.06442765458947418 0.06442765458947418 0.06442765458947418 0.06442765458947418 0.06442765458947418 0.06442765458947418 0.06442765458947418 0.06442765458947418 0.06442765458947418 0.06442765458947418 -1.0627583789670632 -1.0627583789670632 -1.0627583789670632 -1.0627583789670632 -1.0627583789670632 -1.0627583789670632 -1.0627583789670632 -1.0627583789670632 -1.0627583789670632 -0.5057993887601236 -0.5057993887601236 -0.5057993887601236 0.3640735826743342 0.3640735826743342 0.3640735826743342 0.3640735826743342 -1.3274393336359824 1.9769555979707714 1.9769555979707714 -4.436162073728054 
Boosted Classifier Error = 0.22
Bound on Error = 0.6302326433260135

Iteration 10
Classifier h = I(x<-0.1893805)
G error = 0.4865031037133361
C_plus = 6.246180874420413, C_minus = -0.02736531742085735
Normalization factor Z = 0.9730578110570507
Pi after normalization = 5.303244040844738E-5 0.03781575809711808 0.0074909892580734844 0.0074909892580734844 0.0074909892580734844 0.0074909892580734844 0.0074909892580734844 0.0074909892580734844 0.0074909892580734844 0.0074909892580734844 0.0074909892580734844 0.0074909892580734844 0.0074909892580734844 0.03384436942935794 0.031426389576408836 0.03384436942935794 0.03384436942935794 0.031426389576408836 0.031426389576408836 0.03384436942935794 0.03384436942935794 0.031426389576408836 0.031426389576408836 0.03384436942935794 0.031426389576408836 0.03384436942935794 0.03384436942935794 0.031426389576408836 0.031426389576408836 0.031426389576408836 0.010963664886717659 0.010963664886717659 0.010963664886717659 0.010963664886717659 0.010963664886717659 0.010963664886717659 0.010963664886717659 0.010963664886717659 0.010963664886717659 0.05558286752140327 0.01913550678624744 0.01913550678624744 0.023289486701911517 0.023289486701911517 0.04566894720644947 0.023289486701911517 0.008414072977141498 0.0046418826567589805 0.0046418826567589805 3.7575532392190874E-4 
f(x) = 6.421561778985265 0.14801558714399454 1.4710094434999217 1.4710094434999217 1.4710094434999217 1.4710094434999217 1.4710094434999217 1.4710094434999217 1.4710094434999217 1.4710094434999217 1.4710094434999217 1.4710094434999217 1.4710094434999217 0.03706233716861683 0.03706233716861683 0.03706233716861683 0.03706233716861683 0.03706233716861683 0.03706233716861683 0.03706233716861683 0.03706233716861683 0.03706233716861683 0.03706233716861683 0.03706233716861683 0.03706233716861683 0.03706233716861683 0.03706233716861683 0.03706233716861683 0.03706233716861683 0.03706233716861683 -1.0901236963879204 -1.0901236963879204 -1.0901236963879204 -1.0901236963879204 -1.0901236963879204 -1.0901236963879204 -1.0901236963879204 -1.0901236963879204 -1.0901236963879204 -0.533164706180981 -0.533164706180981 -0.533164706180981 0.33670826525347686 0.33670826525347686 0.33670826525347686 0.33670826525347686 -1.3548046510568397 1.9495902805499141 1.9495902805499141 -4.4635273911489115 
Boosted Classifier Error = 0.22
Bound on Error = 0.6132527963715096

